                 mean     sd  hdi_3%  hdi_97%  mcse_mean  mcse_sd  ess_bulk  ess_tail  r_hat
mu_alpha       -1.489  0.532  -2.489   -0.540      0.072    0.052      55.0     103.0   1.05
mu_beta[0]     -0.536  0.527  -1.480    0.475      0.073    0.052      53.0      91.0   1.06
mu_beta[1]     -0.502  0.531  -1.436    0.510      0.074    0.052      53.0      94.0   1.05
mu_beta[2]     -0.467  0.539  -1.400    0.561      0.073    0.052      55.0     122.0   1.06
sigma_alpha     1.500  0.146   1.228    1.765      0.003    0.002    1858.0    3253.0   1.00
...               ...    ...     ...      ...        ...      ...       ...       ...    ...
beta_i[111, 1] -0.252  0.742  -1.642    1.157      0.075    0.053      99.0     369.0   1.03
beta_i[111, 2] -0.080  0.916  -1.712    1.714      0.075    0.053     150.0     610.0   1.02
beta_i[112, 0]  0.096  0.873  -1.493    1.723      0.074    0.052     140.0     622.0   1.02
beta_i[112, 1] -0.507  0.754  -1.860    0.973      0.075    0.053     102.0     297.0   1.03
beta_i[112, 2] -1.848  1.152  -4.024    0.290      0.070    0.049     266.0     778.0   1.01

[460 rows x 9 columns]